100 100
5
30 23 54 8 10 
1
87 
2
46 39 
2
70 63 
3
35 13 95 
4
15 59 53 31 
5
29 90 45 30 99 
5
40 3 74 71 84 
5
44 32 50 38 43 
5
49 61 98 78 37 
3
95 8 35 
5
45 24 44 59 12 
3
92 52 65 
1
1 
5
27 89 37 70 4 
2
84 28 
2
100 84 
3
63 87 43 
2
60 28 
2
85 36 
1
31 
5
5 75 46 93 7 
4
42 49 7 31 
5
86 29 71 96 59 
1
29 
3
7 9 8 
1
10 
4
46 24 44 30 
5
50 61 71 36 58 
1
74 
5
62 5 89 22 83 
5
32 58 30 51 57 
5
74 7 52 92 18 
1
54 
2
49 96 
2
72 28 
2
50 60 
4
91 50 86 11 
1
84 
1
21 
5
73 37 61 92 11 
1
65 
5
97 36 77 1 38 
4
78 30 31 35 
5
47 44 60 63 46 
5
39 18 52 9 98 
4
2 86 74 78 
2
4 24 
3
13 4 67 
2
100 26 
5
72 3 31 57 100 
4
51 13 40 9 
3
80 100 73 
1
10 
4
74 55 56 40 
2
77 59 
3
14 8 51 
1
59 
2
77 53 
2
80 66 
3
3 25 94 
4
74 34 98 73 
2
18 41 
2
41 96 
4
27 4 50 14 
1
75 
5
61 18 26 97 88 
2
77 36 
3
23 95 61 
3
53 57 10 
2
58 67 
1
91 
2
60 17 
4
5 78 13 58 
2
59 11 
4
15 21 11 70 
2
66 65 
5
20 28 39 61 14 
1
7 
4
47 41 37 14 
2
90 100 
2
94 31 
2
67 82 
5
8 87 3 95 5 
1
51 
5
70 55 84 10 8 
5
30 83 95 61 63 
2
11 34 
4
65 1 40 91 
1
83 
3
48 81 50 
2
35 25 
1
89 
1
24 
4
64 95 50 16 
3
42 14 68 
3
82 1 24 
3
11 100 96 
4
41 99 32 6 
4
2 20 66 63 
