100 100
2
93 66 
1
69 
1
59 
2
89 80 
2
4 13 
1
84 
2
20 42 
2
23 74 
1
7 
2
25 4 
1
60 
1
32 
2
73 1 
2
13 54 
1
4 
1
68 
2
7 71 
2
44 22 
1
28 
1
18 
2
2 58 
2
13 50 
2
12 87 
1
12 
2
81 62 
1
74 
2
88 43 
1
85 
2
58 82 
1
90 
2
72 85 
1
23 
2
88 25 
1
55 
2
17 32 
2
17 28 
2
52 23 
1
22 
1
80 
2
24 8 
1
51 
2
87 42 
2
40 1 
1
62 
1
97 
1
4 
2
45 6 
2
98 76 
1
81 
1
48 
2
17 78 
1
31 
2
41 36 
1
68 
1
59 
2
88 99 
1
2 
2
26 25 
1
90 
2
100 15 
1
69 
2
36 72 
2
58 60 
1
70 
2
38 27 
2
14 11 
2
33 66 
2
64 62 
1
4 
2
60 9 
1
3 
1
35 
1
22 
1
80 
2
16 21 
2
46 86 
2
37 55 
1
42 
1
66 
1
72 
2
88 16 
1
46 
2
82 94 
1
83 
2
44 11 
1
99 
2
13 17 
2
28 59 
2
52 86 
2
90 85 
1
40 
2
6 58 
2
81 28 
1
22 
2
81 89 
1
72 
2
46 91 
2
38 39 
2
83 43 
1
98 
