100 100
2
80 64 
2
43 75 
2
76 55 
2
15 34 
2
2 30 
1
8 
1
27 
2
45 38 
2
15 72 
2
46 60 
1
22 
2
17 28 
1
53 
2
21 13 
1
87 
2
49 41 
1
7 
2
19 91 
2
39 13 
2
97 27 
2
84 72 
1
68 
1
32 
2
31 62 
1
68 
1
93 
1
69 
2
42 34 
1
57 
2
16 37 
2
9 12 
2
76 36 
2
27 58 
2
36 53 
1
98 
1
66 
1
42 
2
16 86 
2
95 22 
1
30 
1
92 
1
39 
1
72 
2
100 30 
2
19 76 
2
69 23 
2
78 15 
1
19 
2
2 24 
1
97 
1
71 
2
22 25 
2
51 43 
2
12 21 
2
75 69 
2
5 57 
2
24 70 
1
80 
2
97 99 
1
63 
1
41 
1
95 
1
42 
1
96 
2
44 67 
1
89 
1
36 
2
70 90 
2
19 61 
2
25 33 
1
33 
2
31 68 
2
37 7 
2
3 83 
2
19 29 
2
36 20 
2
18 17 
2
66 3 
2
13 68 
1
71 
1
77 
1
99 
2
8 41 
2
95 17 
2
31 7 
1
66 
2
27 43 
1
40 
2
7 20 
1
60 
1
46 
1
32 
2
2 52 
2
80 21 
1
39 
1
89 
1
61 
1
9 
2
48 94 
1
28 
