100 100
2
99 94 
2
82 23 
1
28 
1
36 
1
33 
2
89 80 
1
51 
1
4 
1
44 
2
57 94 
2
29 88 
1
34 
2
9 24 
1
28 
2
70 5 
1
95 
1
63 
2
11 43 
1
23 
2
27 82 
2
51 71 
1
1 
2
2 24 
2
49 9 
1
14 
2
69 38 
1
3 
2
48 42 
2
68 59 
2
87 5 
2
20 15 
2
50 68 
1
13 
1
20 
2
22 17 
1
17 
1
29 
1
86 
2
23 68 
1
100 
1
19 
1
22 
1
79 
2
8 83 
1
52 
2
2 56 
2
75 11 
1
71 
2
92 79 
1
4 
1
65 
2
100 44 
2
13 70 
2
31 45 
1
59 
1
63 
1
71 
2
96 31 
2
7 16 
2
7 54 
1
43 
1
79 
2
41 48 
2
34 48 
2
24 74 
2
88 82 
1
86 
2
56 7 
2
54 73 
1
66 
2
88 2 
2
64 93 
1
8 
2
57 21 
1
83 
1
22 
2
93 43 
1
94 
2
97 68 
2
38 77 
2
99 11 
2
10 47 
1
16 
1
50 
1
74 
2
66 35 
2
36 56 
2
63 60 
2
16 78 
1
7 
2
66 18 
2
24 76 
2
25 15 
2
4 21 
1
100 
1
49 
1
73 
2
11 94 
1
83 
2
99 71 
