65 61
4
21 38 36 53 
5
55 46 4 19 6 
1
10 
4
24 23 55 37 
3
31 50 54 
1
55 
4
29 21 38 1 
4
14 25 50 32 
3
13 17 35 
2
6 17 
1
53 
1
4 
5
5 25 56 44 43 
3
34 37 4 
3
16 53 11 
2
46 30 
5
38 1 53 26 21 
1
29 
2
24 57 
4
17 44 59 58 
5
60 35 3 58 30 
2
46 42 
1
54 
1
59 
4
28 15 52 53 
4
6 10 42 35 
5
52 28 4 6 57 
3
26 41 11 
3
20 33 59 
4
61 53 10 57 
2
11 13 
5
27 22 52 15 10 
5
45 22 52 17 37 
2
27 34 
3
14 21 13 
1
54 
3
33 26 41 
1
34 
2
47 33 
5
54 13 43 20 58 
2
48 35 
3
48 35 32 
3
27 7 13 
1
6 
5
36 20 27 57 18 
2
9 37 
3
59 33 32 
1
29 
3
16 36 20 
5
26 23 46 13 14 
5
29 4 52 30 34 
1
49 
3
19 61 59 
2
48 26 
4
57 28 12 55 
2
58 20 
4
36 61 29 2 
3
3 44 47 
2
32 18 
2
54 46 
2
57 3 
2
11 33 
3
50 51 42 
2
47 8 
3
5 26 31 
