100 100
3
42 4 59 
3
46 71 27 
5
7 44 36 8 98 
5
91 40 54 4 67 
5
21 96 60 71 9 
3
4 96 38 
2
89 19 
1
71 
5
5 16 40 71 24 
3
79 82 2 
5
52 9 60 43 62 
4
100 72 65 2 
1
74 
3
9 50 93 
3
34 3 42 
2
2 20 
1
72 
2
40 74 
1
52 
3
71 53 84 
2
23 27 
2
13 83 
4
69 95 22 65 
1
3 
5
29 68 74 37 8 
1
85 
4
69 50 92 21 
1
93 
2
50 22 
1
84 
1
84 
3
68 52 98 
2
25 31 
4
74 60 8 12 
4
55 87 32 40 
1
26 
4
88 16 50 24 
2
19 20 
4
76 73 17 88 
2
45 39 
5
17 70 47 53 19 
4
85 53 23 72 
1
51 
3
73 89 17 
5
95 37 52 18 77 
4
63 75 58 40 
4
58 13 75 46 
2
20 98 
1
64 
2
86 61 
1
33 
4
58 91 89 46 
4
89 16 61 9 
3
46 78 34 
3
82 25 68 
2
14 35 
2
98 31 
3
9 70 59 
4
7 55 81 67 
4
65 39 27 29 
1
79 
4
40 20 30 26 
2
44 73 
2
22 48 
4
43 84 85 33 
1
54 
3
36 2 62 
5
74 12 61 7 85 
2
72 34 
3
88 76 60 
5
47 60 98 55 67 
4
1 24 63 75 
1
48 
5
93 73 14 61 16 
5
93 91 76 95 48 
4
93 3 94 38 
3
49 80 94 
2
72 98 
3
88 98 61 
3
100 75 73 
5
96 21 41 80 3 
2
28 17 
5
47 7 39 2 75 
2
58 60 
1
17 
1
58 
3
25 43 23 
3
99 43 21 
2
39 7 
1
4 
2
6 99 
1
48 
2
47 22 
3
77 8 41 
3
40 74 42 
2
18 55 
5
32 38 9 62 69 
5
6 47 80 96 42 
1
17 
1
6 
