100 100
1
53 
2
70 60 
2
10 17 
2
50 9 
2
69 72 
2
99 88 
2
39 60 
1
7 
2
36 23 
1
26 
2
86 91 
1
3 
1
50 
1
43 
2
34 23 
1
38 
2
7 4 
1
23 
1
90 
2
67 44 
1
95 
2
22 49 
2
52 55 
1
4 
1
33 
2
79 15 
1
4 
1
80 
2
82 42 
1
51 
2
73 79 
1
42 
2
48 43 
1
72 
1
75 
1
10 
1
36 
1
98 
1
67 
2
30 100 
2
41 19 
1
15 
1
54 
1
39 
1
51 
1
39 
2
98 5 
1
73 
1
72 
2
29 4 
2
46 72 
1
56 
1
37 
2
3 37 
2
63 44 
2
95 65 
2
37 74 
1
43 
2
37 55 
1
20 
2
82 23 
2
90 88 
2
32 23 
2
30 61 
2
51 8 
1
56 
2
57 64 
1
81 
2
83 61 
2
69 96 
2
36 37 
2
10 20 
1
5 
1
91 
1
57 
1
22 
1
86 
2
46 67 
2
24 66 
1
57 
2
7 70 
1
100 
2
100 59 
2
14 4 
1
91 
1
35 
1
60 
2
1 75 
2
34 42 
2
47 6 
1
31 
2
63 49 
2
22 41 
2
84 36 
1
36 
2
36 81 
2
35 10 
1
28 
1
75 
2
93 12 
