100 100
3
18 20 1 
4
26 30 6 79 
2
60 3 
1
3 
3
42 78 62 
3
22 37 13 
4
27 73 91 29 
1
56 
3
63 39 92 
4
33 2 36 4 
2
81 71 
4
90 44 99 31 
3
50 90 9 
1
87 
2
36 56 
3
50 8 100 
4
23 59 64 88 
5
19 78 13 93 83 
1
73 
2
42 83 
4
76 64 61 28 
5
42 15 94 63 74 
1
55 
4
14 85 89 36 
1
27 
5
26 33 42 25 71 
5
5 70 36 64 17 
3
25 40 99 
3
48 55 63 
1
8 
5
31 72 52 21 39 
5
78 13 67 82 33 
4
38 76 78 81 
3
85 84 62 
5
82 16 57 60 19 
5
91 10 28 40 96 
4
62 29 14 94 
2
45 54 
2
53 72 
5
40 67 85 52 68 
2
14 77 
2
85 38 
2
78 59 
1
3 
3
54 22 11 
2
23 29 
5
22 49 79 85 84 
1
18 
2
70 88 
4
61 41 10 28 
1
81 
5
50 92 57 97 9 
4
24 62 71 100 
1
4 
5
38 43 9 11 51 
4
95 56 69 33 
3
40 21 5 
5
91 86 22 53 36 
3
79 31 41 
5
60 78 43 45 12 
4
54 12 2 98 
2
85 98 
4
89 47 69 11 
3
94 75 54 
2
99 29 
5
9 84 41 53 42 
1
49 
3
88 44 100 
1
82 
4
64 19 11 70 
3
49 48 79 
3
91 62 47 
1
85 
2
100 66 
5
88 89 44 6 82 
1
32 
3
12 40 83 
3
36 71 4 
5
26 91 72 88 52 
3
46 8 24 
1
58 
2
68 61 
4
98 87 27 15 
4
65 63 90 50 
5
66 67 37 79 80 
5
7 16 28 32 58 
4
38 44 93 78 
5
18 1 92 78 90 
4
84 57 45 42 
1
83 
5
70 97 41 22 3 
4
13 94 24 84 
3
82 16 3 
1
35 
1
25 
1
83 
1
67 
5
92 90 66 35 95 
4
95 33 97 3 
1
75 
