100 100
2
77 42 
2
49 36 
2
89 83 
2
26 77 
1
81 
2
76 90 
2
13 74 
2
22 100 
2
98 86 
2
91 100 
1
35 
2
89 49 
1
98 
1
84 
1
51 
1
99 
2
30 86 
2
68 4 
1
14 
2
70 25 
1
33 
1
3 
1
22 
1
45 
1
23 
1
43 
1
47 
2
1 46 
1
93 
1
92 
1
13 
2
8 51 
2
13 63 
2
2 73 
2
94 69 
2
45 51 
1
68 
1
35 
1
56 
1
56 
1
58 
1
28 
2
96 53 
1
42 
2
63 56 
1
86 
1
54 
1
67 
2
79 5 
2
72 49 
2
67 63 
1
12 
2
72 18 
2
30 100 
1
71 
2
46 55 
1
3 
2
26 88 
2
15 29 
2
64 74 
2
7 85 
1
45 
2
44 35 
1
80 
1
14 
2
10 9 
1
96 
1
100 
2
20 21 
2
74 2 
1
20 
2
10 80 
2
86 64 
1
62 
1
11 
1
8 
1
69 
2
94 36 
1
40 
2
79 96 
1
2 
1
29 
2
91 35 
1
57 
2
53 7 
2
77 64 
1
3 
1
78 
1
51 
2
53 8 
1
85 
1
78 
1
100 
2
31 32 
2
63 11 
1
21 
2
84 43 
1
79 
2
86 85 
2
45 94 
