100 100
2
49 6 
2
18 88 
2
6 11 
2
27 82 
2
14 99 
1
95 
2
25 3 
1
7 
2
20 84 
2
47 89 
2
92 57 
1
73 
1
96 
2
57 47 
1
23 
1
19 
2
50 62 
2
66 70 
2
34 40 
1
82 
1
49 
1
3 
1
62 
2
66 8 
2
52 28 
1
48 
2
89 44 
1
81 
2
66 9 
1
62 
2
61 31 
1
77 
1
6 
1
40 
2
74 57 
1
71 
1
19 
1
78 
1
64 
1
67 
2
42 14 
1
22 
1
16 
1
38 
1
50 
2
18 78 
2
21 27 
2
72 82 
2
68 55 
2
9 56 
1
25 
1
74 
1
63 
1
91 
2
52 39 
1
31 
2
69 86 
2
12 18 
1
55 
2
57 5 
2
21 61 
2
65 16 
1
30 
2
35 7 
1
94 
2
13 3 
2
3 89 
2
16 73 
2
66 16 
1
76 
2
4 2 
1
32 
2
45 13 
1
55 
2
62 95 
1
67 
2
47 22 
2
90 53 
2
7 36 
2
59 81 
1
59 
1
100 
1
47 
1
60 
2
32 98 
2
5 83 
1
21 
2
9 10 
2
66 16 
1
34 
1
35 
1
39 
2
83 78 
2
49 82 
2
53 97 
1
40 
1
58 
1
97 
1
75 
1
62 
