100 100
4
13 21 45 87 
5
98 54 11 65 57 
3
12 29 21 
3
63 28 48 
4
69 16 39 81 
2
66 87 
3
38 62 60 
3
47 37 42 
4
49 63 44 71 
3
58 70 85 
1
81 
1
87 
5
44 4 98 57 70 
4
29 16 44 93 
3
98 62 51 
2
55 39 
5
79 23 69 97 52 
4
88 12 23 24 
5
56 60 78 71 11 
2
88 51 
5
14 95 9 79 43 
3
44 72 84 
5
19 31 15 55 87 
3
75 62 17 
4
66 58 87 4 
5
57 85 87 83 7 
3
57 82 6 
2
45 10 
2
82 30 
1
77 
1
48 
2
36 8 
3
12 53 55 
3
62 41 55 
2
44 30 
4
99 48 19 30 
3
50 12 19 
2
79 42 
5
66 21 78 6 45 
5
80 1 24 60 8 
3
47 46 79 
5
16 74 91 22 97 
4
66 46 68 98 
1
12 
1
88 
1
13 
5
24 94 25 86 71 
5
6 1 85 79 71 
3
20 25 47 
4
62 81 60 56 
5
7 40 30 38 47 
2
2 92 
4
73 51 88 66 
2
12 57 
1
7 
5
78 55 40 6 59 
3
97 44 85 
1
79 
2
77 78 
3
4 85 8 
2
29 32 
3
53 99 83 
4
56 10 82 47 
5
46 71 45 100 88 
2
65 55 
1
14 
1
67 
1
65 
4
23 30 19 84 
5
38 70 81 80 48 
4
36 62 93 69 
1
9 
5
12 13 50 92 63 
3
52 15 85 
2
18 22 
2
6 15 
5
76 87 7 24 67 
5
94 82 74 45 35 
5
59 77 40 30 72 
5
22 84 98 74 10 
3
96 34 37 
3
1 22 28 
4
51 21 77 39 
4
60 88 76 54 
3
35 6 50 
3
65 17 8 
4
90 77 20 63 
3
53 17 48 
2
81 42 
3
56 33 82 
1
82 
5
4 2 53 18 96 
1
39 
4
89 19 87 40 
4
9 13 16 36 
2
18 68 
1
57 
2
50 58 
4
33 77 13 92 
5
50 28 58 34 26 
