100 100
2
37 56 
4
79 59 69 32 
1
27 
3
42 83 22 
5
99 33 72 58 11 
1
62 
2
91 19 
3
89 25 60 
2
98 57 
5
89 40 11 84 32 
2
90 31 
5
23 8 27 5 92 
1
4 
5
2 32 74 21 90 
4
50 8 80 92 
4
62 86 56 30 
2
48 100 
3
79 37 98 
2
27 89 
5
31 86 16 3 44 
2
39 91 
2
90 64 
4
3 92 30 16 
1
85 
1
18 
3
21 79 3 
5
53 89 65 21 90 
3
70 53 27 
1
99 
1
71 
5
36 42 49 13 51 
1
5 
2
79 23 
1
55 
4
77 37 13 94 
5
7 41 25 11 62 
3
67 31 23 
3
62 25 68 
3
96 70 64 
4
70 53 33 24 
4
7 40 67 78 
4
47 70 24 65 
5
91 85 82 88 90 
1
72 
2
14 65 
1
91 
1
99 
2
55 1 
2
2 49 
2
87 99 
5
47 92 80 84 90 
3
59 55 60 
3
44 92 75 
3
31 52 88 
4
59 86 18 81 
3
32 93 53 
4
42 9 71 18 
2
23 48 
1
57 
4
26 87 46 53 
5
62 28 42 65 78 
5
86 50 58 72 92 
2
26 30 
3
43 15 19 
4
81 28 64 26 
4
12 44 30 95 
2
96 56 
1
31 
4
9 35 90 5 
2
66 61 
5
22 10 20 90 64 
4
71 85 38 32 
4
64 69 30 78 
1
19 
2
54 43 
2
75 1 
2
91 2 
2
27 79 
2
82 24 
1
33 
4
89 1 29 73 
2
43 21 
2
12 62 
4
92 49 100 76 
4
45 77 27 10 
3
13 51 95 
3
15 55 45 
1
22 
4
20 8 62 56 
3
15 58 5 
3
10 56 89 
5
23 53 92 95 89 
1
53 
2
54 44 
4
40 86 97 18 
3
33 81 50 
3
61 71 98 
4
50 82 29 85 
1
70 
3
33 16 51 
