100 100
2
34 88 
1
54 
1
37 
1
81 
2
35 47 
2
15 16 
1
95 
2
48 23 
1
41 
2
21 31 
2
81 51 
2
78 17 
2
77 79 
2
93 2 
2
87 97 
1
8 
1
1 
2
72 83 
1
79 
2
53 9 
2
24 82 
2
34 23 
1
40 
1
59 
1
90 
1
24 
1
63 
1
22 
1
38 
2
26 76 
2
41 23 
2
40 62 
2
89 14 
2
73 46 
1
27 
1
27 
1
90 
2
58 10 
2
95 52 
1
17 
2
45 98 
2
27 43 
2
20 12 
1
56 
2
44 90 
2
69 68 
2
89 43 
1
93 
2
90 21 
2
84 23 
2
82 76 
1
21 
2
86 24 
2
29 71 
2
45 58 
2
34 24 
1
89 
1
37 
2
25 69 
1
9 
2
75 66 
1
69 
2
66 27 
1
46 
1
10 
2
80 34 
1
81 
1
91 
2
81 26 
2
26 35 
2
13 68 
2
98 44 
2
43 70 
1
3 
1
63 
2
32 51 
2
1 76 
1
24 
1
61 
1
80 
1
34 
2
2 20 
2
11 59 
1
81 
2
73 46 
2
26 46 
1
85 
1
90 
1
32 
1
93 
1
85 
1
93 
1
34 
1
45 
2
62 34 
2
16 36 
2
42 51 
1
17 
1
94 
1
71 
