100 100
3
71 93 67 
3
18 99 45 
2
58 67 
1
77 
5
81 64 6 76 65 
4
73 80 60 76 
3
61 90 16 
3
17 36 57 
2
39 77 
2
59 20 
2
65 15 
2
2 29 
5
13 51 82 54 59 
5
94 6 24 67 59 
5
70 87 56 62 37 
4
26 30 94 63 
1
47 
4
8 10 19 11 
2
44 37 
5
70 4 63 14 89 
5
38 59 84 51 63 
2
83 56 
2
56 38 
4
93 80 49 8 
2
96 66 
4
50 39 56 7 
3
7 22 96 
3
47 65 96 
5
5 68 26 91 80 
1
96 
3
14 19 99 
4
33 56 66 50 
3
72 56 30 
3
27 60 61 
5
69 87 9 8 10 
3
99 46 68 
2
22 56 
5
22 5 65 100 68 
1
39 
2
24 32 
2
90 25 
1
69 
3
50 30 56 
5
29 49 79 97 60 
1
30 
2
72 94 
1
20 
4
72 77 69 62 
3
90 13 20 
1
97 
5
100 37 19 98 5 
1
58 
1
98 
1
81 
1
51 
2
89 14 
4
35 89 73 83 
2
44 19 
3
28 83 39 
3
42 89 45 
4
88 22 74 76 
4
15 86 69 3 
2
9 3 
5
13 97 61 77 24 
5
68 8 86 54 24 
5
45 31 71 27 66 
1
12 
1
91 
2
31 61 
5
86 34 7 14 51 
2
5 93 
3
14 17 29 
5
3 34 79 12 56 
3
20 98 15 
1
75 
5
92 77 56 63 94 
1
6 
5
12 98 70 14 27 
3
10 89 53 
5
28 44 31 50 45 
5
52 7 90 86 92 
1
59 
3
40 38 30 
2
66 20 
2
22 57 
1
11 
5
71 66 41 29 72 
2
81 51 
2
100 7 
5
80 33 26 93 8 
1
54 
2
15 44 
2
44 8 
5
99 22 43 37 78 
4
66 49 50 93 
2
97 81 
4
45 55 9 11 
1
57 
2
44 52 
2
28 50 
